Si 0.000000 0.000000 8.000000
C 0.333333 0.666667 8.000000
Si -1.540000 2.667358 8.000000
C -1.206667 3.334025 8.000000
Si -3.080000 5.334716 8.000000
C -2.746667 6.001383 8.000000
Si -4.620000 8.002075 8.000000
C -4.286667 8.668741 8.000000
Si -6.160000 10.669433 8.000000
C -5.826667 11.336100 8.000000
Si 3.080000 0.000000 8.000000
C 3.413333 0.666667 8.000000
Si 1.540000 2.667358 8.000000
C 1.873333 3.334025 8.000000
Si 0.000000 5.334716 8.000000
C 0.333333 6.001383 8.000000
Si -1.540000 8.002075 8.000000
C -1.206667 8.668741 8.000000
Si -3.080000 10.669433 8.000000
C -2.746667 11.336100 8.000000
Si 6.160000 0.000000 8.000000
C 6.493333 0.666667 8.000000
Si 4.620000 2.667358 8.000000
C 4.953333 3.334025 8.000000
Si 3.080000 5.334716 8.000000
C 3.413333 6.001383 8.000000
Si 1.540000 8.002075 8.000000
C 1.873333 8.668741 8.000000
Si 0.000000 10.669433 8.000000
C 0.333333 11.336100 8.000000
Si 9.240000 0.000000 8.000000
C 9.573333 0.666667 8.000000
Si 7.700000 2.667358 8.000000
C 8.033333 3.334025 8.000000
Si 6.160000 5.334716 8.000000
C 6.493333 6.001383 8.000000
Si 4.620000 8.002075 8.000000
C 4.953333 8.668741 8.000000
Si 3.080000 10.669433 8.000000
C 3.413333 11.336100 8.000000
Si 12.320000 0.000000 8.000000
C 12.653333 0.666667 8.000000
Si 10.780000 2.667358 8.000000
C 11.113333 3.334025 8.000000
Si 9.240000 5.334716 8.000000
C 9.573333 6.001383 8.000000
Si 7.700000 8.002075 8.000000
C 8.033333 8.668741 8.000000
Si 6.160000 10.669433 8.000000
C 6.493333 11.336100 8.000000
